Problem 1 Tests
===============

Test 1:
-------
Input: 
1 1
ISOLATION 0 0 0 0

Output:
ISOLATION


Test 2:
-------
Input: 
2 2 
J 0 2 4 0 
U 0 0 -6 -3 
N -5 10 0 0 
E 5 0 0 22

Output:
Wrong piece [E,5,0,0,22] at (2,2).


Test 3:
-------
Input: 
6 4 
J 0 1 -3 0 
I 0 -4 -5 -2 
G 0 9 -8 3 
S 0 11 12 -10 
A 0 -24 -42 -12 
W 0 0 25 23 
P 2 5 14 0 
U 4 -7 16 -6 
Z 7 -14 -19 6 
Z -13 20 -22 13 
L 41 -25 27 -21 
E -26 0 -27 24 
M -15 -16 -43 0 
A -17 -18 -39 15 
N 18 -20 -37 17 
I 21 22 -36 19 
A -28 29 -34 -23 
S 26 0 31 -30 
A 42 39 0 0 
R 38 -38 0 -40 
E 36 34 0 37 
F 35 -33 0 -35 
U 33 -31 0 32 
N -32 0 0 30

Output:
JIGSAW
PUZZLE
MANIAS
AREFUN


Test 4:
-------
Input: 
6 4  
J 0 0 1 -3
I -5 -2 0 -4
G 9 -8 3 0
S 0 11 12 -10
A -12 0 -24 -42
W 25 23 0 0
P 5 14 0 2
U 4 -7 16 -6
Z 6 7 -14 -19
Z -22 13 -13 20
L -25 27 -21 41
E 0 -27 24 -26
M -15 -16 -43 0
A -17 -18 -39 15
N 18 -20 -37 17
I 19 21 22 -36
A -34 -23 -28 29
S 0 31 -30 26
A 42 39 0 0
R -40 38 -38 0
E 0 37 36 34
F -33 0 -35 35
U 33 -31 0 32
N 0 30 -32 0

Output:
JIGSAW
PUZZLE
MANIAS
AREFUN


Test 5:
-------
Input:
6 4
J 0 0 1 -3
I -5 -2 0 -4
G 9 -8 3 0
S 0 11 12 -9
A -12 0 -24 -42
W 25 23 0 0
P 5 13 0 2
U 4 -7 16 -6
Z 6 7 -14 -19
Z -22 12 -13 20
L -25 27 -21 41
E 0 -27 24 -26
M -15 -16 -43 0
A -17 -18 -39 15
N 18 -21 -37 17
I 19 21 22 -36
A -34 -23 -28 29
S 0 31 -30 26
A 42 39 0 0
R -40 38 -38 0
E 0 37 36 34
F -33 1 -35 35
U 33 -31 0 32
N 0 30 -31 0

Output:
Wrong piece [S,0,11,12,-9] at (4,1).
